fp.3.Luci_01A01.ctg.ctg7180000038386	fp.3.Luci_02C06.ctg.ctg7180000085693	64	0.99982	0	7891	13435	28201	1	0	5544	5544
fp.3.Luci_01A01.ctg.ctg7180000038386	fp.3.Luci_02C06.ctg.ctg7180000087068	223	0.998707	0	13515	28201	28201	1	2078	16758	16758
fp.3.Luci_01A01.ctg.ctg7180000038386	fp.3.Luci_02D05.ctg.ctg7180000162172	36	0.997841	0	0	6471	28201	0	71	6555	6555
fp.3.Luci_01A01.ctg.ctg7180000038386	fp.3.Luci_03B08.ctg.ctg7180000053851	36	0.996919	0	0	6481	28201	1	0	6489	6560
fp.3.Luci_01A01.ctg.ctg7180000038386	fp.3.Luci_03D09.ctg.ctg7180000169141	2	0.986564	0	7529	8558	28201	1	0	1042	1042
fp.3.Luci_01A01.ctg.ctg7180000038386	fp.3.Luci_03D09.ctg.ctg7180000180690	2	0.997396	0	1691	2843	28201	1	0	1152	1152
fp.3.Luci_01A01.ctg.ctg7180000038386	fp.3.Luci_03D09.ctg.jtg7180000174332f_7180000174333f	24	0.995006	0	5256	6858	28201	1	0	1602	1602
fp.3.Luci_01A01.ctg.ctg7180000038386	fp.3.Luci_03D11.ctg.ctg7180000065619	340	0.999965	0	0	28201	28201	0	71	28272	28273
fp.3.Luci_01A01.ctg.ctg7180000038386	fp.3.Luci_12D10.ctg.ctg7180000088141	66	0.994591	0	3210	9844	28201	1	0	6643	6643
fp.3.Luci_01A01.ctg.ctg7180000038386	fp.3.Luci_12D10.ctg.ctg7180000088249	287	0.999147	0	8271	28201	28201	1	2081	22005	22005
fp.3.Luci_01A01.ctg.ctg7180000038386	fp.3.Luci_12D10.ctg.ctg7180000088320	229	0.998733	0	13211	28201	28201	1	4986	19970	19970
fp.3.Luci_01A01.ctg.ctg7180000038386	fp.3.Luci_12D10.ctg.ctg7180000089434	20	0.994322	0	8271	9856	28201	1	0	1585	1585
fp.3.Luci_01A01.ctg.ctg7180000038386	fp.3.Luci_51F04.ctg.ctg7180000615874	12	0.996248	0	6413	7476	28201	1	0	1066	1066
fp.3.Luci_01A01.ctg.ctg7180000038386	fp.3.Luci_51F04.ctg.ctg7180000620938	10	0.992323	0	2297	4772	28201	0	0	2475	2475
fp.3.Luci_01A01.ctg.ctg7180000038386	fp.3.Luci_51F04.ctg.jtg7180000451877f_7180000607716f	20	1	0	8549	10140	28201	1	0	1591	1591
fp.3.Luci_01A01.ctg.ctg7180000038386	fp.3.Luci_51F04.ctg.jtg7180000616579f_7180000616580f	74	0.996878	0	19396	23235	28201	1	0	3841	3841
fp.3.Luci_01A01.ctg.ctg7180000038386	fp.3.Luci_51F04.ctg.jtg7180000613339f_7180000613340f	38	0.98991	0	10093	12948	28201	1	0	2874	2874
fp.3.Luci_01A01.ctg.ctg7180000038386	fp.3.Luci_51F04.ctg.jtg7180000616912f_7180000609095f	16	1	0	17876	19065	28201	0	0	1189	1189
fp.3.Luci_01A01.ctg.ctg7180000038386	fp.3.Luci_51F04.ctg.jtg7180000616910f_7180000616911f	44	0.997325	0	14126	17859	28201	0	0	3735	3735
fp.3.Luci_01A01.ctg.ctg7180000038386	fp.3.Luci_61K04.ctg.ctg7180000716328	34	0.99858	0	844	6471	28201	0	0	5635	5635
fp.3.Luci_01A01.ctg.ctg7180000038386	fp.3.Luci_81E06.ctg.ctg7180000221095	8	0.964724	0	15399	16695	28201	0	0	1298	1298
fp.3.Luci_01A01.ctg.ctg7180000038386	fp.3.Luci_81E06.ctg.ctg7180000224800	16	0.965451	0	20657	22207	28201	1	0	1561	1561
fp.3.Luci_01A01.ctg.ctg7180000038386	fp.3.Luci_81E06.ctg.ctg7180000225522	8	0.971136	0	14494	15565	28201	1	0	1074	1074
fp.3.Luci_01A01.ctg.ctg7180000038386	contig_836704	34	0.964338	0	15289	20705	28201	0	0	5408	5408
fp.3.Luci_01A01.ctg.ctg7180000038386	contig_1790869	10	0.97626	0	8952	11353	28201	0	0	2399	2399
fp.3.Luci_01A01.ctg.ctg7180000038386	contig_2586588	24	0.974134	0	11304	15286	28201	1	0	3982	3982
fp.3.Luci_01A01.ctg.ctg7180000038386	contig_3004815	14	0.973006	0	25756	28201	28201	0	0	2428	3176
fp.3.Luci_01A01.ctg.ctg7180000038386	fermi13290430770_6602863308	15	0.969447	0	4566	7827	28201	0	0	3272	3272
fp.3.Luci_01A01.ctg.ctg7180000038386	fermi3094666018_15349116822	18	0.971888	0	25216	28201	28201	0	0	2970	3610
fp.3.Luci_01A01.ctg.ctg7180000038386	fermi10720800147_10142326515	28	0.957241	0	20596	24185	28201	0	0	3601	3601
fp.3.Luci_01A01.ctg.ctg7180000038390	fp.3.Luci_01A01.ctg.ctg7180000046956	10	1	0	23429	24971	24971	0	0	1542	5251
fp.3.Luci_01A01.ctg.ctg7180000038390	fp.3.Luci_03D05.ctg.ctg7180000070196	160	0.99996	0	0	24971	24971	1	8948	33919	34637
fp.3.Luci_01A01.ctg.ctg7180000038390	fp.3.Luci_10B08.ctg.ctg7180000211055	89	0.998925	0	6369	24971	24971	0	0	18604	44247
fp.3.Luci_01A01.ctg.ctg7180000038390	fp.3.Luci_11B03.ctg.jtg7180000340734f_7180000340735f_7180000340736f	24	0.991182	0	0	1697	24971	0	22213	23909	23909
fp.3.Luci_01A01.ctg.ctg7180000038390	fp.3.Luci_11E02.ctg.ctg7180000238796	107	0.987468	0	0	24971	24971	0	2395	27297	41009
fp.3.Luci_01A01.ctg.ctg7180000038390	fp.3.Luci_52E03.ctg.ctg7180001325877	8	0.985385	0	19802	22391	24971	0	0	2599	2599
fp.3.Luci_01A01.ctg.ctg7180000038390	fp.3.Luci_52E03.ctg.jtg7180001326655f_7180001326656f_7180001314243f_7180001326657f_7180001326658f_7180001313819f_7180001310967r_7180001326659f	84	0.984511	0	0	20129	24971	1	0	20063	24114
fp.3.Luci_01A01.ctg.ctg7180000038390	fp.3.Luci_61K07.ctg.ctg7180000633272	10	0.986784	0	23155	24967	24971	0	0	1813	1813
fp.3.Luci_01A01.ctg.ctg7180000038390	fp.3.Luci_61K07.ctg.ctg7180000638096	126	1	0	0	16044	24971	0	720	16764	16764
fp.3.Luci_01A01.ctg.ctg7180000038390	contig_548709	4	0.999042	0	23194	24238	24971	1	0	1044	1044
fp.3.Luci_01A01.ctg.ctg7180000038390	contig_815069	84	0.993135	0	0	9731	24971	0	8350	18103	18103
fp.3.Luci_01A01.ctg.ctg7180000038390	fermi4450531443_13534230499	8	1	0	21129	22204	24971	1	0	1075	1075
fp.3.Luci_01A01.ctg.ctg7180000038390	fermi4328164887_9075921466	12	1	0	23320	24971	24971	0	0	1651	2725
fp.3.Luci_01A01.ctg.ctg7180000038390	fermi11260680990_14511195025	72	1	0	0	6663	24971	0	4184	10847	10847
fp.3.Luci_01A01.ctg.ctg7180000038390	fermi644461737_5710025632	8	0.999079	0	10308	11394	24971	1	0	1086	1086
fp.3.Luci_01A01.ctg.ctg7180000038390	fermi14920912041_12853632953	10	1	0	7039	9440	24971	1	0	2401	2401
fp.3.Luci_01A01.ctg.ctg7180000038392	fp.3.Luci_01A01.ctg.ctg7180000038860	16	1	0	0	1041	19428	0	4837	5878	5878
fp.3.Luci_01A01.ctg.ctg7180000038392	fp.3.Luci_02B02.ctg.ctg7180000259028	253	0.999022	0	0	19428	19428	0	10104	29531	30436
fp.3.Luci_01A01.ctg.ctg7180000038392	fp.3.Luci_10G02.ctg.ctg7180000366356	125	0.997195	0	5895	19428	19428	0	0	13535	40292
fp.3.Luci_01A01.ctg.ctg7180000038392	fp.3.Luci_10G11.ctg.ctg7180000183762	124	0.997195	0	5896	19428	19428	0	0	13534	40265
fp.3.Luci_01A01.ctg.ctg7180000038392	fp.3.Luci_12A12.ctg.ctg7180000125196	4	0.931285	0	5564	6801	19428	1	0	1237	1237
fp.3.Luci_01A01.ctg.ctg7180000038392	fp.3.Luci_12A12.ctg.ctg7180000154309	8	0.918134	0	6503	8736	19428	0	0	2249	2249
fp.3.Luci_01A01.ctg.ctg7180000038392	fp.3.Luci_12A12.ctg.ctg7180000160071	41	0.962012	0	1906	4811	19428	1	0	2910	2910
fp.3.Luci_01A01.ctg.ctg7180000038392	fp.3.Luci_16B09.ctg.ctg7180000136012	254	0.999177	0	0	19428	19428	1	8721	28148	38725
fp.3.Luci_01A01.ctg.ctg7180000038392	contig_1003805	50	0.976926	0	4920	10164	19428	0	0	5244	5244
fp.3.Luci_01A01.ctg.ctg7180000038392	contig_1297190	38	0.993965	0	16781	19428	19428	1	3358	6004	6004
fp.3.Luci_01A01.ctg.ctg7180000038392	contig_2586871	28	1	0	4936	6802	19428	0	0	1866	1866
fp.3.Luci_01A01.ctg.ctg7180000038392	fermi837588975_14163015856	82	0.999647	0	4526	10186	19428	1	0	5660	5660
fp.3.Luci_01A01.ctg.ctg7180000038392	fermi15516964540_258206833	36	1	0	16907	19342	19428	1	0	2435	2435
fp.3.Luci_01A01.ctg.ctg7180000038392	fermi3031051748_5800323740	18	0.999456	0	14338	16176	19428	0	0	1838	1838
fp.3.Luci_01A01.ctg.ctg7180000038392	fermi11001662_15085733502	16	0.956102	0	1816	2938	19428	0	0	1127	1127
fp.3.Luci_01A01.ctg.ctg7180000038398	fp.3.Luci_01A01.ctg.ctg7180000039229	4	1	0	0	1176	16886	0	1297	2473	2473
fp.3.Luci_01A01.ctg.ctg7180000038398	fp.3.Luci_01A01.ctg.jtg7180000047309f_7180000039114f	6	1	0	15696	16886	16886	1	8486	9676	9676
fp.3.Luci_01A01.ctg.ctg7180000038398	fp.3.Luci_13D01.ctg.ctg7180000121958	62	0.992482	0	0	16886	16886	1	6197	23079	25472
fp.3.Luci_01A01.ctg.ctg7180000038398	fp.3.Luci_16C10.ctg.ctg7180000067301	6	0.981623	0	0	1290	16886	1	0	1306	2431
fp.3.Luci_01A01.ctg.ctg7180000038398	fermi8925268947_3858594910	6	0.984718	0	8644	9689	16886	1	0	1039	1039
fp.3.Luci_01A01.ctg.ctg7180000038403	fp.3.Luci_05B05.ctg.jtg7180000107467f_7180000107468f	18	0.988652	0	7810	9308	11193	0	0	1498	1498
fp.3.Luci_01A01.ctg.ctg7180000038403	fp.3.Luci_05B08.ctg.ctg7180000065243	10	0.989927	0	7919	9011	11193	1	0	1092	1092
fp.3.Luci_01A01.ctg.ctg7180000038403	fp.3.Luci_09E09.ctg.ctg7180000090732	72	1	0	0	9744	11193	0	2738	12482	12482
fp.3.Luci_01A01.ctg.ctg7180000038403	fp.3.Luci_21C03.ctg.ctg7180000268143	12	0.966428	0	8743	10936	11193	0	0	2230	2230
fp.3.Luci_01A01.ctg.ctg7180000038403	fermi9586606358_6773378391	18	0.999097	0	0	1107	11193	0	951	2058	2058
fp.3.Luci_01A01.ctg.ctg7180000038408	fp.3.Luci_02A09.ctg.ctg7180000055875	180	0.99885	0	0	19129	19129	1	15322	34433	35856
fp.3.Luci_01A01.ctg.ctg7180000038408	fp.3.Luci_07F06.ctg.ctg7180000197790	180	0.998902	0	0	19129	19129	0	4173	23284	38440
fp.3.Luci_01A01.ctg.ctg7180000038408	fp.3.Luci_14E04.ctg.ctg7180000107998	16	0.97932	0	10715	12190	19129	0	0	1498	1498
fp.3.Luci_01A01.ctg.ctg7180000038408	fp.3.Luci_14E04.ctg.ctg7180000122530	112	0.999836	0	0	12190	19129	1	0	12190	13005
fp.3.Luci_01A01.ctg.ctg7180000038408	fp.3.Luci_14E04.ctg.ctg7180000123578	180	0.998902	0	0	19129	19129	0	183	19294	38524
fp.3.Luci_01A01.ctg.ctg7180000038408	fp.3.Luci_15G08.ctg.jtg7180000276210f_7180000255344f_7180000276211f	180	0.999841	0	0	18886	19129	0	683	19569	19569
fp.3.Luci_01A01.ctg.ctg7180000038408	fp.3.Luci_16H12.ctg.ctg7180000269864	142	0.997904	0	2923	19129	19129	0	0	16198	38889
fp.3.Luci_01A01.ctg.ctg7180000038408	contig_4017227	10	1	0	16529	17603	19129	0	0	1074	1074
fp.3.Luci_01A01.ctg.ctg7180000038408	fermi31358231_12008498936	40	1	0	13917	18248	19129	1	0	4331	4331
fp.3.Luci_01A01.ctg.ctg7180000038408	fermi4435660175_11143108691	12	1	0	8708	9971	19129	1	0	1263	1263
fp.3.Luci_01A01.ctg.ctg7180000038408	fermi1487106430_4712492197	16	1	0	11319	12482	19129	1	0	1163	1163
fp.3.Luci_01A01.ctg.ctg7180000038408	fermi5594433785_12549088204	12	0.999305	0	3154	4592	19129	1	0	1438	1438
fp.3.Luci_01A01.ctg.ctg7180000038408	fermi10761268790_5623770770	20	1	0	540	3039	19129	1	0	2499	2499
fp.3.Luci_01A01.ctg.ctg7180000038416	fp.3.Luci_11A02.ctg.ctg7180000214230	9	0.918511	0	2730	10251	12430	1	0	7502	7502
fp.3.Luci_01A01.ctg.ctg7180000038416	fp.3.Luci_11A02.ctg.ctg7180000214230	9	0.918511	0	2730	10251	12430	1	0	7502	7502
fp.3.Luci_01A01.ctg.ctg7180000038417	fp.3.Luci_01C02.ctg.ctg7180000032089	116	0.999941	0	0	16842	16842	0	6	16848	30818
fp.3.Luci_01A01.ctg.ctg7180000038417	fp.3.Luci_02C10.ctg.ctg7180000041121	116	0.999584	0	0	16842	16842	0	5043	21878	35451
fp.3.Luci_01A01.ctg.ctg7180000038417	fp.3.Luci_03D11.ctg.ctg7180000065632	116	0.999881	0	0	16842	16842	0	12	16854	30832
fp.3.Luci_01A01.ctg.ctg7180000038417	fp.3.Luci_16G11.ctg.ctg7180000271917	16	0.974579	0	0	6271	16842	1	0	6285	21887
fp.3.Luci_01A01.ctg.ctg7180000038417	fp.3.Luci_20H03.ctg.ctg7180000199941	8	0.985407	0	2514	3953	16842	0	0	1439	1439
fp.3.Luci_01A01.ctg.ctg7180000038417	fp.3.Luci_20H03.ctg.ctg7180000256383	11	0.974668	0	2945	6170	16842	1	0	3237	3237
fp.3.Luci_01A01.ctg.ctg7180000038417	fp.3.Luci_20H03.ctg.ctg7180000264918	6	0.941231	0	2922	3953	16842	0	0	1072	1072
fp.3.Luci_01A01.ctg.ctg7180000038417	fp.3.Luci_20H03.ctg.ctg7180000267283	5	0.97679	0	0	3015	16842	0	981	3988	3988
fp.3.Luci_01A01.ctg.ctg7180000038417	fp.3.Luci_61K08.ctg.ctg7180000728178	116	1	0	0	16842	16842	0	14	16856	30791
fp.3.Luci_01A01.ctg.ctg7180000038417	contig_2945629	2	0.902486	0	10551	11583	16842	1	0	1035	1035
fp.3.Luci_01A01.ctg.ctg7180000038417	contig_4563296	12	0.998214	0	2786	3906	16842	1	0	1120	1120